teleportenabled: true
teleportauto: false
godmode: false
muted: false
jailed: false
ip-address: 127.67.236.12
afk: false
socialspy: false
npc: false
powertoolsenabled: true
accepting-pay: true
baltop-exempt: false
timestamps:
  lastteleport: 1724494206765
  lastheal: 0
  mute: 0
  jail: 0
  onlinejail: 0
  logout: 1724495845371
  login: 1724495671407
money: '2132.031000000000102'
last-account-name: Kien274934
logoutlocation:
  world: 50b2a685-9ce8-43a4-9e88-112d0fb0291b
  world-name: world
  x: 140.2767
  y: 64.5
  z: -33.85857
  yaw: 32.22480773925781
  pitch: 61.63177490234375
lastlocation:
  world: 50b2a685-9ce8-43a4-9e88-112d0fb0291b
  world-name: world
  x: 73.26825
  y: 68.12312
  z: -64.99546
  yaw: 84.27325439453125
  pitch: 6.92169189453125
past-usernames:
- .Kien274934
homes:
  home:
    world: 50b2a685-9ce8-43a4-9e88-112d0fb0291b
    world-name: world
    x: 28.699999
    y: 72.0
    z: -42.182423
    yaw: -90.43767547607422
    pitch: 34.11866760253906
  nhaminh:
    world: 50b2a685-9ce8-43a4-9e88-112d0fb0291b
    world-name: world
    x: 62.59556
    y: 71.0
    z: -2.4225445
    yaw: -28.206939697265625
    pitch: 15.379608154296875
  san:
    world: 50b2a685-9ce8-43a4-9e88-112d0fb0291b
    world-name: world
    x: 47.08856
    y: 68.0
    z: -39.839058
    yaw: -162.09414672851562
    pitch: 34.06591796875
  k:
    world: 50b2a685-9ce8-43a4-9e88-112d0fb0291b
    world-name: world
    x: 121.69999
    y: 78.0
    z: -72.2613
    yaw: 108.5538330078125
    pitch: -6.996063232421875
